   644                      75X 150
   2026/ 6/19                5
                            FURU
   2          7                           1
   5          2                           3
  13          4
              84            0
             357,8          0,0
             4,025          0,000
              42            0,0
   645                      75X 150
   2026/ 6/22                5
                            FURU
   2          1
   1          3                           1
              25            0
             108,7          0,0
             1,223          0,000
              43            0,0
   646                      75X 150
   2026/ 6/22                6
                            FURU
   1          6
   4          3                           1
              24            0
             95,4           0,0
             1,073          0,000
              39            0,0
   647                      75X 150
   2026/ 6/22                6
                            FURU
   6          7                           2
  11          5                           1
              70            0
             279,6          0,0
             3,145          0,000
              39            0,0
   647                      75X 150
   2026/ 6/22                6
                            FURU
   6          7                           2
  11          5                           1
              70            0
             279,6          0,0
             3,145          0,000
              39            0,0
   0                        50X 100
   2026/ 6/23                5
                            GRAN
   2          3
              30            0
             120,0          0,0
             0,600          0,000
              40            0,0
   1                        50X 100
   2026/ 6/23                5
                            GRAN
   2          3
              31            0
             123,0          0,0
             0,615          0,000
              39            0,0
